0.729
0.75
0.708
0.738
0.704
0.75
0.67
0.726
0.741
0.753
0.77
0.781
0.726
0.782
0.794
0.792
0.762
0.791
0.761
0.782
0.776
0.804
0.76
0.784
0.792
0.782
0.78
0.785
0.769
0.799
0.799
0.828
0.788
0.826
0.788
0.811
0.793
0.815
0.8
0.822
0.804
0.816
0.797
0.819
0.798
0.828
0.812
0.817
0.801
0.826
0.801
0.812
0.803
0.833
0.802
0.83
0.821
0.813
0.813
0.828
0.824
0.833
0.814
0.837
0.819
0.848
0.809
0.815
0.812
0.825
0.823
0.822
0.821
0.843
0.821
0.836
0.827
0.838
0.821
0.833
0.827
0.842
0.821
0.839
0.821
0.835
0.819
0.839
0.825
0.84
0.831
0.843
0.831
0.843
0.831
0.843
0.831
0.843
0.831
0.843
